-25.00 -54.00 2.53 
-25.00 -53.50 2.43 
-25.00 -53.00 2.36 
-25.00 -52.50 2.31 
-25.00 -52.00 2.32 
-25.00 -51.50 2.33 
-25.00 -51.00 2.25 
-25.00 -50.50 2.12 
-25.00 -50.00 2.05 
-25.00 -49.50 2.00 
-25.00 -49.00 2.04 
-25.00 -48.50 1.78 
-25.00 -48.00 1.47 
-25.00 -47.50 1.83 
-25.00 -47.00 2.11 
-25.00 -46.50 2.11 
-25.00 -46.00 2.11 
-25.00 -45.50 2.06 
-25.00 -45.00 2.28 
-25.00 -44.50 2.28 
-25.00 -44.00 2.30 
-25.00 -43.50 2.43 
-25.00 -43.00 2.51 
-25.00 -42.50 2.57 
-25.00 -42.00 2.60 
-25.00 -41.50 2.65 
-25.00 -41.00 2.74 
-25.00 -40.50 2.84 
-25.00 -40.00 2.92 
-25.00 -39.50 3.01 
-25.00 -39.00 3.04 
-25.00 -38.50 3.07 
-25.00 -38.00 3.12 
-25.00 -37.50 3.17 
-25.00 -37.00 3.24 
-25.00 -36.50 3.31 
-25.00 -36.00 3.37 
-25.00 -35.50 3.43 
-25.00 -35.00 3.49 
-25.00 -34.50 3.55 
-25.00 -34.00 3.60 
-24.50 -54.00 2.66 
-24.50 -53.50 2.60 
-24.50 -53.00 2.54 
-24.50 -52.50 2.51 
-24.50 -52.00 2.42 
-24.50 -51.50 2.25 
-24.50 -51.00 2.19 
-24.50 -50.50 1.96 
-24.50 -50.00 2.06 
-24.50 -49.50 1.77 
-24.50 -49.00 1.73 
-24.50 -48.50 1.63 
-24.50 -48.00 1.70 
-24.50 -47.50 1.95 
-24.50 -47.00 1.90 
-24.50 -46.50 1.90 
-24.50 -46.00 1.84 
-24.50 -45.50 1.99 
-24.50 -45.00 2.13 
-24.50 -44.50 2.03 
-24.50 -44.00 2.13 
-24.50 -43.50 2.30 
-24.50 -43.00 2.33 
-24.50 -42.50 2.38 
-24.50 -42.00 2.45 
-24.50 -41.50 2.52 
-24.50 -41.00 2.65 
-24.50 -40.50 2.75 
-24.50 -40.00 2.85 
-24.50 -39.50 2.89 
-24.50 -39.00 2.93 
-24.50 -38.50 2.98 
-24.50 -38.00 3.04 
-24.50 -37.50 3.12 
-24.50 -37.00 3.20 
-24.50 -36.50 3.27 
-24.50 -36.00 3.34 
-24.50 -35.50 3.41 
-24.50 -35.00 3.47 
-24.50 -34.50 3.52 
-24.50 -34.00 3.56 
-24.00 -54.00 2.74 
-24.00 -53.50 2.65 
-24.00 -53.00 2.55 
-24.00 -52.50 2.47 
-24.00 -52.00 2.34 
-24.00 -51.50 2.14 
-24.00 -51.00 2.15 
-24.00 -50.50 2.14 
-24.00 -50.00 2.14 
-24.00 -49.50 1.91 
-24.00 -49.00 1.78 
-24.00 -48.50 1.66 
-24.00 -48.00 1.82 
-24.00 -47.50 1.60 
-24.00 -47.00 1.75 
-24.00 -46.50 1.58 
-24.00 -46.00 1.68 
-24.00 -45.50 2.00 
-24.00 -45.00 1.89 
-24.00 -44.50 1.71 
-24.00 -44.00 1.98 
-24.00 -43.50 2.04 
-24.00 -43.00 2.19 
-24.00 -42.50 2.15 
-24.00 -42.00 2.27 
-24.00 -41.50 2.41 
-24.00 -41.00 2.54 
-24.00 -40.50 2.66 
-24.00 -40.00 2.74 
-24.00 -39.50 2.77 
-24.00 -39.00 2.82 
-24.00 -38.50 2.90 
-24.00 -38.00 2.99 
-24.00 -37.50 3.08 
-24.00 -37.00 3.17 
-24.00 -36.50 3.24 
-24.00 -36.00 3.32 
-24.00 -35.50 3.37 
-24.00 -35.00 3.42 
-24.00 -34.50 3.47 
-24.00 -34.00 3.52 
-23.50 -54.00 2.65 
-23.50 -53.50 2.53 
-23.50 -53.00 2.41 
-23.50 -52.50 2.29 
-23.50 -52.00 2.20 
-23.50 -51.50 2.08 
-23.50 -51.00 2.00 
-23.50 -50.50 2.20 
-23.50 -50.00 2.27 
-23.50 -49.50 2.13 
-23.50 -49.00 2.05 
-23.50 -48.50 1.81 
-23.50 -48.00 1.65 
-23.50 -47.50 1.58 
-23.50 -47.00 1.67 
-23.50 -46.50 1.56 
-23.50 -46.00 1.52 
-23.50 -45.50 1.86 
-23.50 -45.00 1.63 
-23.50 -44.50 1.54 
-23.50 -44.00 1.78 
-23.50 -43.50 1.92 
-23.50 -43.00 1.92 
-23.50 -42.50 1.90 
-23.50 -42.00 2.09 
-23.50 -41.50 2.27 
-23.50 -41.00 2.44 
-23.50 -40.50 2.56 
-23.50 -40.00 2.58 
-23.50 -39.50 2.63 
-23.50 -39.00 2.73 
-23.50 -38.50 2.84 
-23.50 -38.00 2.95 
-23.50 -37.50 3.05 
-23.50 -37.00 3.14 
-23.50 -36.50 3.21 
-23.50 -36.00 3.26 
-23.50 -35.50 3.32 
-23.50 -35.00 3.37 
-23.50 -34.50 3.43 
-23.50 -34.00 3.48 
-23.00 -54.00 2.56 
-23.00 -53.50 2.41 
-23.00 -53.00 2.25 
-23.00 -52.50 2.09 
-23.00 -52.00 2.04 
-23.00 -51.50 2.08 
-23.00 -51.00 1.92 
-23.00 -50.50 2.18 
-23.00 -50.00 2.35 
-23.00 -49.50 2.26 
-23.00 -49.00 2.13 
-23.00 -48.50 1.84 
-23.00 -48.00 1.87 
-23.00 -47.50 1.77 
-23.00 -47.00 1.77 
-23.00 -46.50 1.61 
-23.00 -46.00 1.38 
-23.00 -45.50 1.80 
-23.00 -45.00 1.46 
-23.00 -44.50 1.58 
-23.00 -44.00 1.60 
-23.00 -43.50 1.83 
-23.00 -43.00 1.58 
-23.00 -42.50 1.80 
-23.00 -42.00 1.91 
-23.00 -41.50 2.16 
-23.00 -41.00 2.36 
-23.00 -40.50 2.37 
-23.00 -40.00 2.40 
-23.00 -39.50 2.53 
-23.00 -39.00 2.68 
-23.00 -38.50 2.80 
-23.00 -38.00 2.92 
-23.00 -37.50 3.02 
-23.00 -37.00 3.08 
-23.00 -36.50 3.14 
-23.00 -36.00 3.20 
-23.00 -35.50 3.27 
-23.00 -35.00 3.33 
-23.00 -34.50 3.40 
-23.00 -34.00 3.47 
-22.50 -54.00 2.49 
-22.50 -53.50 2.44 
-22.50 -53.00 2.36 
-22.50 -52.50 2.31 
-22.50 -52.00 2.29 
-22.50 -51.50 2.18 
-22.50 -51.00 1.95 
-22.50 -50.50 2.19 
-22.50 -50.00 2.18 
-22.50 -49.50 2.10 
-22.50 -49.00 1.90 
-22.50 -48.50 1.86 
-22.50 -48.00 1.91 
-22.50 -47.50 2.04 
-22.50 -47.00 1.92 
-22.50 -46.50 1.65 
-22.50 -46.00 1.62 
-22.50 -45.50 1.86 
-22.50 -45.00 1.52 
-22.50 -44.50 1.52 
-22.50 -44.00 1.80 
-22.50 -43.50 1.61 
-22.50 -43.00 1.46 
-22.50 -42.50 1.53 
-22.50 -42.00 1.80 
-22.50 -41.50 2.09 
-22.50 -41.00 2.14 
-22.50 -40.50 2.14 
-22.50 -40.00 2.30 
-22.50 -39.50 2.49 
-22.50 -39.00 2.64 
-22.50 -38.50 2.78 
-22.50 -38.00 2.86 
-22.50 -37.50 2.93 
-22.50 -37.00 3.00 
-22.50 -36.50 3.07 
-22.50 -36.00 3.16 
-22.50 -35.50 3.24 
-22.50 -35.00 3.32 
-22.50 -34.50 3.39 
-22.50 -34.00 3.46 
-22.00 -54.00 2.44 
-22.00 -53.50 2.44 
-22.00 -53.00 2.54 
-22.00 -52.50 2.51 
-22.00 -52.00 2.46 
-22.00 -51.50 2.30 
-22.00 -51.00 2.13 
-22.00 -50.50 2.22 
-22.00 -50.00 2.00 
-22.00 -49.50 2.02 
-22.00 -49.00 1.86 
-22.00 -48.50 2.01 
-22.00 -48.00 1.82 
-22.00 -47.50 1.79 
-22.00 -47.00 2.03 
-22.00 -46.50 1.95 
-22.00 -46.00 1.89 
-22.00 -45.50 1.81 
-22.00 -45.00 1.79 
-22.00 -44.50 1.53 
-22.00 -44.00 1.70 
-22.00 -43.50 1.54 
-22.00 -43.00 1.72 
-22.00 -42.50 1.41 
-22.00 -42.00 1.81 
-22.00 -41.50 1.94 
-22.00 -41.00 1.84 
-22.00 -40.50 2.05 
-22.00 -40.00 2.29 
-22.00 -39.50 2.48 
-22.00 -39.00 2.59 
-22.00 -38.50 2.67 
-22.00 -38.00 2.75 
-22.00 -37.50 2.85 
-22.00 -37.00 2.96 
-22.00 -36.50 3.06 
-22.00 -36.00 3.16 
-22.00 -35.50 3.24 
-22.00 -35.00 3.32 
-22.00 -34.50 3.39 
-22.00 -34.00 3.46 
-21.50 -54.00 2.43 
-21.50 -53.50 2.33 
-21.50 -53.00 2.50 
-21.50 -52.50 2.49 
-21.50 -52.00 2.36 
-21.50 -51.50 2.23 
-21.50 -51.00 2.19 
-21.50 -50.50 2.13 
-21.50 -50.00 2.10 
-21.50 -49.50 2.11 
-21.50 -49.00 2.15 
-21.50 -48.50 2.22 
-21.50 -48.00 2.08 
-21.50 -47.50 1.96 
-21.50 -47.00 1.91 
-21.50 -46.50 2.03 
-21.50 -46.00 2.06 
-21.50 -45.50 2.11 
-21.50 -45.00 2.01 
-21.50 -44.50 1.87 
-21.50 -44.00 1.81 
-21.50 -43.50 1.75 
-21.50 -43.00 1.75 
-21.50 -42.50 1.66 
-21.50 -42.00 1.89 
-21.50 -41.50 1.63 
-21.50 -41.00 1.84 
-21.50 -40.50 2.10 
-21.50 -40.00 2.29 
-21.50 -39.50 2.35 
-21.50 -39.00 2.43 
-21.50 -38.50 2.58 
-21.50 -38.00 2.73 
-21.50 -37.50 2.85 
-21.50 -37.00 2.96 
-21.50 -36.50 3.07 
-21.50 -36.00 3.16 
-21.50 -35.50 3.23 
-21.50 -35.00 3.31 
-21.50 -34.50 3.37 
-21.50 -34.00 3.44 
-21.00 -54.00 2.46 
-21.00 -53.50 2.27 
-21.00 -53.00 2.44 
-21.00 -52.50 2.37 
-21.00 -52.00 2.20 
-21.00 -51.50 2.23 
-21.00 -51.00 2.33 
-21.00 -50.50 2.11 
-21.00 -50.00 1.82 
-21.00 -49.50 2.06 
-21.00 -49.00 2.18 
-21.00 -48.50 2.27 
-21.00 -48.00 2.30 
-21.00 -47.50 2.22 
-21.00 -47.00 2.19 
-21.00 -46.50 2.14 
-21.00 -46.00 2.28 
-21.00 -45.50 2.35 
-21.00 -45.00 2.24 
-21.00 -44.50 2.16 
-21.00 -44.00 2.12 
-21.00 -43.50 1.91 
-21.00 -43.00 1.90 
-21.00 -42.50 1.94 
-21.00 -42.00 1.72 
-21.00 -41.50 1.80 
-21.00 -41.00 2.01 
-21.00 -40.50 2.02 
-21.00 -40.00 2.06 
-21.00 -39.50 2.27 
-21.00 -39.00 2.46 
-21.00 -38.50 2.61 
-21.00 -38.00 2.73 
-21.00 -37.50 2.84 
-21.00 -37.00 2.94 
-21.00 -36.50 3.03 
-21.00 -36.00 3.12 
-21.00 -35.50 3.20 
-21.00 -35.00 3.27 
-21.00 -34.50 3.34 
-21.00 -34.00 3.41 
-20.50 -54.00 2.52 
-20.50 -53.50 2.39 
-20.50 -53.00 2.43 
-20.50 -52.50 2.33 
-20.50 -52.00 2.36 
-20.50 -51.50 2.42 
-20.50 -51.00 2.36 
-20.50 -50.50 2.15 
-20.50 -50.00 1.98 
-20.50 -49.50 2.18 
-20.50 -49.00 2.35 
-20.50 -48.50 2.25 
-20.50 -48.00 2.35 
-20.50 -47.50 2.43 
-20.50 -47.00 2.26 
-20.50 -46.50 2.26 
-20.50 -46.00 2.39 
-20.50 -45.50 2.49 
-20.50 -45.00 2.43 
-20.50 -44.50 2.35 
-20.50 -44.00 2.28 
-20.50 -43.50 2.14 
-20.50 -43.00 2.10 
-20.50 -42.50 2.01 
-20.50 -42.00 1.98 
-20.50 -41.50 1.95 
-20.50 -41.00 1.88 
-20.50 -40.50 2.03 
-20.50 -40.00 2.11 
-20.50 -39.50 2.24 
-20.50 -39.00 2.38 
-20.50 -38.50 2.52 
-20.50 -38.00 2.65 
-20.50 -37.50 2.77 
-20.50 -37.00 2.88 
-20.50 -36.50 2.98 
-20.50 -36.00 3.08 
-20.50 -35.50 3.17 
-20.50 -35.00 3.25 
-20.50 -34.50 3.32 
-20.50 -34.00 3.39 
-20.00 -54.00 2.62 
-20.00 -53.50 2.57 
-20.00 -53.00 2.44 
-20.00 -52.50 2.53 
-20.00 -52.00 2.55 
-20.00 -51.50 2.59 
-20.00 -51.00 2.43 
-20.00 -50.50 2.26 
-20.00 -50.00 2.19 
-20.00 -49.50 2.33 
-20.00 -49.00 2.26 
-20.00 -48.50 2.21 
-20.00 -48.00 2.30 
-20.00 -47.50 2.38 
-20.00 -47.00 2.34 
-20.00 -46.50 2.45 
-20.00 -46.00 2.52 
-20.00 -45.50 2.59 
-20.00 -45.00 2.49 
-20.00 -44.50 2.41 
-20.00 -44.00 2.35 
-20.00 -43.50 2.32 
-20.00 -43.00 2.26 
-20.00 -42.50 2.17 
-20.00 -42.00 1.97 
-20.00 -41.50 1.78 
-20.00 -41.00 1.66 
-20.00 -40.50 1.69 
-20.00 -40.00 1.85 
-20.00 -39.50 2.04 
-20.00 -39.00 2.24 
-20.00 -38.50 2.41 
-20.00 -38.00 2.57 
-20.00 -37.50 2.71 
-20.00 -37.00 2.84 
-20.00 -36.50 2.95 
-20.00 -36.00 3.05 
-20.00 -35.50 3.14 
-20.00 -35.00 3.23 
-20.00 -34.50 3.30 
-20.00 -34.00 3.38 
-19.50 -54.00 2.73 
-19.50 -53.50 2.59 
-19.50 -53.00 2.50 
-19.50 -52.50 2.65 
-19.50 -52.00 2.71 
-19.50 -51.50 2.66 
-19.50 -51.00 2.53 
-19.50 -50.50 2.38 
-19.50 -50.00 2.32 
-19.50 -49.50 2.16 
-19.50 -49.00 2.02 
-19.50 -48.50 2.07 
-19.50 -48.00 2.30 
-19.50 -47.50 2.49 
-19.50 -47.00 2.44 
-19.50 -46.50 2.40 
-19.50 -46.00 2.45 
-19.50 -45.50 2.59 
-19.50 -45.00 2.64 
-19.50 -44.50 2.58 
-19.50 -44.00 2.52 
-19.50 -43.50 2.34 
-19.50 -43.00 2.26 
-19.50 -42.50 2.03 
-19.50 -42.00 1.92 
-19.50 -41.50 1.56 
-19.50 -41.00 1.30 
-19.50 -40.50 1.52 
-19.50 -40.00 1.77 
-19.50 -39.50 1.97 
-19.50 -39.00 2.17 
-19.50 -38.50 2.36 
-19.50 -38.00 2.52 
-19.50 -37.50 2.67 
-19.50 -37.00 2.80 
-19.50 -36.50 2.92 
-19.50 -36.00 3.03 
-19.50 -35.50 3.12 
-19.50 -35.00 3.21 
-19.50 -34.50 3.29 
-19.50 -34.00 3.37 
-19.00 -54.00 2.75 
-19.00 -53.50 2.71 
-19.00 -53.00 2.62 
-19.00 -52.50 2.71 
-19.00 -52.00 2.69 
-19.00 -51.50 2.69 
-19.00 -51.00 2.54 
-19.00 -50.50 2.49 
-19.00 -50.00 2.41 
-19.00 -49.50 2.31 
-19.00 -49.00 2.25 
-19.00 -48.50 2.22 
-19.00 -48.00 2.35 
-19.00 -47.50 2.52 
-19.00 -47.00 2.56 
-19.00 -46.50 2.52 
-19.00 -46.00 2.34 
-19.00 -45.50 2.51 
-19.00 -45.00 2.66 
-19.00 -44.50 2.65 
-19.00 -44.00 2.48 
-19.00 -43.50 2.34 
-19.00 -43.00 2.21 
-19.00 -42.50 1.95 
-19.00 -42.00 1.94 
-19.00 -41.50 1.59 
-19.00 -41.00 1.07 
-19.00 -40.50 1.16 
-19.00 -40.00 1.65 
-19.00 -39.50 1.98 
-19.00 -39.00 2.23 
-19.00 -38.50 2.44 
-19.00 -38.00 2.61 
-19.00 -37.50 2.73 
-19.00 -37.00 2.85 
-19.00 -36.50 2.95 
-19.00 -36.00 3.05 
-19.00 -35.50 3.14 
-19.00 -35.00 3.22 
-19.00 -34.50 3.30 
-19.00 -34.00 3.37 
-18.50 -54.00 2.75 
-18.50 -53.50 2.67 
-18.50 -53.00 2.67 
-18.50 -52.50 2.70 
-18.50 -52.00 2.66 
-18.50 -51.50 2.63 
-18.50 -51.00 2.56 
-18.50 -50.50 2.62 
-18.50 -50.00 2.57 
-18.50 -49.50 2.50 
-18.50 -49.00 2.45 
-18.50 -48.50 2.44 
-18.50 -48.00 2.46 
-18.50 -47.50 2.58 
-18.50 -47.00 2.65 
-18.50 -46.50 2.59 
-18.50 -46.00 2.51 
-18.50 -45.50 2.46 
-18.50 -45.00 2.63 
-18.50 -44.50 2.64 
-18.50 -44.00 2.48 
-18.50 -43.50 2.43 
-18.50 -43.00 2.22 
-18.50 -42.50 1.97 
-18.50 -42.00 1.96 
-18.50 -41.50 1.78 
-18.50 -41.00 1.49 
-18.50 -40.50 1.30 
-18.50 -40.00 1.63 
-18.50 -39.50 1.97 
-18.50 -39.00 2.23 
-18.50 -38.50 2.43 
-18.50 -38.00 2.60 
-18.50 -37.50 2.75 
-18.50 -37.00 2.88 
-18.50 -36.50 2.99 
-18.50 -36.00 3.08 
-18.50 -35.50 3.14 
-18.50 -35.00 3.21 
-18.50 -34.50 3.29 
-18.50 -34.00 3.37 
-18.00 -54.00 2.63 
-18.00 -53.50 2.67 
-18.00 -53.00 2.70 
-18.00 -52.50 2.81 
-18.00 -52.00 2.78 
-18.00 -51.50 2.64 
-18.00 -51.00 2.47 
-18.00 -50.50 2.46 
-18.00 -50.00 2.55 
-18.00 -49.50 2.66 
-18.00 -49.00 2.63 
-18.00 -48.50 2.62 
-18.00 -48.00 2.63 
-18.00 -47.50 2.67 
-18.00 -47.00 2.72 
-18.00 -46.50 2.73 
-18.00 -46.00 2.67 
-18.00 -45.50 2.62 
-18.00 -45.00 2.60 
-18.00 -44.50 2.60 
-18.00 -44.00 2.58 
-18.00 -43.50 2.47 
-18.00 -43.00 2.29 
-18.00 -42.50 2.07 
-18.00 -42.00 1.97 
-18.00 -41.50 2.02 
-18.00 -41.00 1.86 
-18.00 -40.50 1.77 
-18.00 -40.00 1.81 
-18.00 -39.50 2.06 
-18.00 -39.00 2.28 
-18.00 -38.50 2.47 
-18.00 -38.00 2.63 
-18.00 -37.50 2.77 
-18.00 -37.00 2.85 
-18.00 -36.50 2.93 
-18.00 -36.00 3.04 
-18.00 -35.50 3.13 
-18.00 -35.00 3.22 
-18.00 -34.50 3.30 
-18.00 -34.00 3.38 
-17.50 -54.00 2.72 
-17.50 -53.50 2.79 
-17.50 -53.00 2.70 
-17.50 -52.50 2.74 
-17.50 -52.00 2.79 
-17.50 -51.50 2.65 
-17.50 -51.00 2.49 
-17.50 -50.50 2.30 
-17.50 -50.00 2.41 
-17.50 -49.50 2.55 
-17.50 -49.00 2.67 
-17.50 -48.50 2.77 
-17.50 -48.00 2.78 
-17.50 -47.50 2.80 
-17.50 -47.00 2.76 
-17.50 -46.50 2.67 
-17.50 -46.00 2.57 
-17.50 -45.50 2.49 
-17.50 -45.00 2.63 
-17.50 -44.50 2.71 
-17.50 -44.00 2.57 
-17.50 -43.50 2.44 
-17.50 -43.00 2.39 
-17.50 -42.50 2.22 
-17.50 -42.00 2.07 
-17.50 -41.50 2.24 
-17.50 -41.00 2.14 
-17.50 -40.50 2.10 
-17.50 -40.00 2.11 
-17.50 -39.50 2.19 
-17.50 -39.00 2.37 
-17.50 -38.50 2.50 
-17.50 -38.00 2.60 
-17.50 -37.50 2.73 
-17.50 -37.00 2.86 
-17.50 -36.50 2.96 
-17.50 -36.00 3.06 
-17.50 -35.50 3.16 
-17.50 -35.00 3.24 
-17.50 -34.50 3.32 
-17.50 -34.00 3.38 
-17.00 -54.00 2.84 
-17.00 -53.50 2.89 
-17.00 -53.00 2.80 
-17.00 -52.50 2.72 
-17.00 -52.00 2.81 
-17.00 -51.50 2.69 
-17.00 -51.00 2.54 
-17.00 -50.50 2.49 
-17.00 -50.00 2.50 
-17.00 -49.50 2.54 
-17.00 -49.00 2.59 
-17.00 -48.50 2.73 
-17.00 -48.00 2.85 
-17.00 -47.50 2.84 
-17.00 -47.00 2.73 
-17.00 -46.50 2.60 
-17.00 -46.00 2.45 
-17.00 -45.50 2.52 
-17.00 -45.00 2.67 
-17.00 -44.50 2.77 
-17.00 -44.00 2.65 
-17.00 -43.50 2.52 
-17.00 -43.00 2.38 
-17.00 -42.50 2.38 
-17.00 -42.00 2.26 
-17.00 -41.50 2.39 
-17.00 -41.00 2.37 
-17.00 -40.50 2.33 
-17.00 -40.00 2.26 
-17.00 -39.50 2.35 
-17.00 -39.00 2.48 
-17.00 -38.50 2.57 
-17.00 -38.00 2.68 
-17.00 -37.50 2.80 
-17.00 -37.00 2.91 
-17.00 -36.50 2.98 
-17.00 -36.00 3.06 
-17.00 -35.50 3.14 
-17.00 -35.00 3.22 
-17.00 -34.50 3.30 
-17.00 -34.00 3.37 
-16.50 -54.00 2.95 
-16.50 -53.50 2.97 
-16.50 -53.00 2.90 
-16.50 -52.50 2.83 
-16.50 -52.00 2.78 
-16.50 -51.50 2.74 
-16.50 -51.00 2.68 
-16.50 -50.50 2.66 
-16.50 -50.00 2.67 
-16.50 -49.50 2.69 
-16.50 -49.00 2.74 
-16.50 -48.50 2.79 
-16.50 -48.00 2.84 
-16.50 -47.50 2.90 
-16.50 -47.00 2.79 
-16.50 -46.50 2.68 
-16.50 -46.00 2.55 
-16.50 -45.50 2.59 
-16.50 -45.00 2.72 
-16.50 -44.50 2.84 
-16.50 -44.00 2.74 
-16.50 -43.50 2.63 
-16.50 -43.00 2.53 
-16.50 -42.50 2.43 
-16.50 -42.00 2.44 
-16.50 -41.50 2.43 
-16.50 -41.00 2.35 
-16.50 -40.50 2.35 
-16.50 -40.00 2.40 
-16.50 -39.50 2.50 
-16.50 -39.00 2.57 
-16.50 -38.50 2.67 
-16.50 -38.00 2.77 
-16.50 -37.50 2.87 
-16.50 -37.00 2.95 
-16.50 -36.50 3.03 
-16.50 -36.00 3.10 
-16.50 -35.50 3.16 
-16.50 -35.00 3.22 
-16.50 -34.50 3.29 
-16.50 -34.00 3.35 
-16.00 -54.00 3.06 
-16.00 -53.50 3.01 
-16.00 -53.00 2.97 
-16.00 -52.50 2.93 
-16.00 -52.00 2.89 
-16.00 -51.50 2.85 
-16.00 -51.00 2.82 
-16.00 -50.50 2.81 
-16.00 -50.00 2.81 
-16.00 -49.50 2.83 
-16.00 -49.00 2.86 
-16.00 -48.50 2.86 
-16.00 -48.00 2.80 
-16.00 -47.50 2.88 
-16.00 -47.00 2.87 
-16.00 -46.50 2.77 
-16.00 -46.00 2.66 
-16.00 -45.50 2.68 
-16.00 -45.00 2.78 
-16.00 -44.50 2.78 
-16.00 -44.00 2.80 
-16.00 -43.50 2.75 
-16.00 -43.00 2.66 
-16.00 -42.50 2.59 
-16.00 -42.00 2.52 
-16.00 -41.50 2.55 
-16.00 -41.00 2.49 
-16.00 -40.50 2.52 
-16.00 -40.00 2.57 
-16.00 -39.50 2.63 
-16.00 -39.00 2.70 
-16.00 -38.50 2.74 
-16.00 -38.00 2.78 
-16.00 -37.50 2.83 
-16.00 -37.00 2.89 
-16.00 -36.50 2.95 
-16.00 -36.00 3.02 
-16.00 -35.50 3.09 
-16.00 -35.00 3.16 
-16.00 -34.50 3.23 
-16.00 -34.00 3.30 
-15.50 -54.00 2.98 
-15.50 -53.50 2.91 
-15.50 -53.00 2.86 
-15.50 -52.50 2.81 
-15.50 -52.00 2.78 
-15.50 -51.50 2.89 
-15.50 -51.00 2.79 
-15.50 -50.50 2.78 
-15.50 -50.00 2.82 
-15.50 -49.50 2.77 
-15.50 -49.00 2.74 
-15.50 -48.50 2.72 
-15.50 -48.00 2.77 
-15.50 -47.50 2.74 
-15.50 -47.00 2.78 
-15.50 -46.50 2.74 
-15.50 -46.00 2.68 
-15.50 -45.50 2.69 
-15.50 -45.00 2.63 
-15.50 -44.50 2.63 
-15.50 -44.00 2.66 
-15.50 -43.50 2.71 
-15.50 -43.00 2.75 
-15.50 -42.50 2.60 
-15.50 -42.00 2.58 
-15.50 -41.50 2.51 
-15.50 -41.00 2.66 
-15.50 -40.50 2.65 
-15.50 -40.00 2.60 
-15.50 -39.50 2.57 
-15.50 -39.00 2.57 
-15.50 -38.50 2.59 
-15.50 -38.00 2.64 
-15.50 -37.50 2.70 
-15.50 -37.00 2.78 
-15.50 -36.50 2.86 
-15.50 -36.00 2.94 
-15.50 -35.50 3.02 
-15.50 -35.00 3.10 
-15.50 -34.50 3.18 
-15.50 -34.00 3.26 
-15.00 -54.00 2.89 
-15.00 -53.50 2.81 
-15.00 -53.00 2.74 
-15.00 -52.50 2.67 
-15.00 -52.00 2.80 
-15.00 -51.50 2.92 
-15.00 -51.00 2.86 
-15.00 -50.50 2.78 
-15.00 -50.00 2.70 
-15.00 -49.50 2.67 
-15.00 -49.00 2.62 
-15.00 -48.50 2.68 
-15.00 -48.00 2.77 
-15.00 -47.50 2.62 
-15.00 -47.00 2.66 
-15.00 -46.50 2.72 
-15.00 -46.00 2.79 
-15.00 -45.50 2.82 
-15.00 -45.00 2.76 
-15.00 -44.50 2.72 
-15.00 -44.00 2.70 
-15.00 -43.50 2.69 
-15.00 -43.00 2.71 
-15.00 -42.50 2.63 
-15.00 -42.00 2.48 
-15.00 -41.50 2.50 
-15.00 -41.00 2.59 
-15.00 -40.50 2.50 
-15.00 -40.00 2.43 
-15.00 -39.50 2.38 
-15.00 -39.00 2.38 
-15.00 -38.50 2.41 
-15.00 -38.00 2.48 
-15.00 -37.50 2.56 
-15.00 -37.00 2.66 
-15.00 -36.50 2.76 
-15.00 -36.00 2.86 
-15.00 -35.50 2.96 
-15.00 -35.00 3.05 
-15.00 -34.50 3.13 
-15.00 -34.00 3.21 
-14.50 -54.00 2.79 
-14.50 -53.50 2.70 
-14.50 -53.00 2.60 
-14.50 -52.50 2.72 
-14.50 -52.00 2.84 
-14.50 -51.50 2.87 
-14.50 -51.00 2.77 
-14.50 -50.50 2.66 
-14.50 -50.00 2.57 
-14.50 -49.50 2.62 
-14.50 -49.00 2.71 
-14.50 -48.50 2.75 
-14.50 -48.00 2.78 
-14.50 -47.50 2.68 
-14.50 -47.00 2.57 
-14.50 -46.50 2.58 
-14.50 -46.00 2.68 
-14.50 -45.50 2.79 
-14.50 -45.00 2.88 
-14.50 -44.50 2.85 
-14.50 -44.00 2.84 
-14.50 -43.50 2.83 
-14.50 -43.00 2.72 
-14.50 -42.50 2.59 
-14.50 -42.00 2.42 
-14.50 -41.50 2.52 
-14.50 -41.00 2.45 
-14.50 -40.50 2.33 
-14.50 -40.00 2.22 
-14.50 -39.50 2.16 
-14.50 -39.00 2.15 
-14.50 -38.50 2.20 
-14.50 -38.00 2.30 
-14.50 -37.50 2.42 
-14.50 -37.00 2.55 
-14.50 -36.50 2.67 
-14.50 -36.00 2.79 
-14.50 -35.50 2.90 
-14.50 -35.00 3.00 
-14.50 -34.50 3.09 
-14.50 -34.00 3.17 
-14.00 -54.00 2.70 
-14.00 -53.50 2.58 
-14.00 -53.00 2.67 
-14.00 -52.50 2.78 
-14.00 -52.00 2.89 
-14.00 -51.50 2.79 
-14.00 -51.00 2.67 
-14.00 -50.50 2.55 
-14.00 -50.00 2.42 
-14.00 -49.50 2.53 
-14.00 -49.00 2.66 
-14.00 -48.50 2.79 
-14.00 -48.00 2.81 
-14.00 -47.50 2.68 
-14.00 -47.00 2.53 
-14.00 -46.50 2.45 
-14.00 -46.00 2.57 
-14.00 -45.50 2.70 
-14.00 -45.00 2.81 
-14.00 -44.50 2.92 
-14.00 -44.00 2.96 
-14.00 -43.50 2.84 
-14.00 -43.00 2.70 
-14.00 -42.50 2.55 
-14.00 -42.00 2.47 
-14.00 -41.50 2.48 
-14.00 -41.00 2.31 
-14.00 -40.50 2.14 
-14.00 -40.00 1.98 
-14.00 -39.50 1.86 
-14.00 -39.00 1.85 
-14.00 -38.50 1.94 
-14.00 -38.00 2.10 
-14.00 -37.50 2.27 
-14.00 -37.00 2.43 
-14.00 -36.50 2.60 
-14.00 -36.00 2.74 
-14.00 -35.50 2.86 
-14.00 -35.00 2.98 
-14.00 -34.50 3.06 
-14.00 -34.00 3.15 
-13.50 -54.00 2.61 
-13.50 -53.50 2.66 
-13.50 -53.00 2.76 
-13.50 -52.50 2.86 
-13.50 -52.00 2.85 
-13.50 -51.50 2.73 
-13.50 -51.00 2.59 
-13.50 -50.50 2.44 
-13.50 -50.00 2.53 
-13.50 -49.50 2.64 
-13.50 -49.00 2.75 
-13.50 -48.50 2.80 
-13.50 -48.00 2.77 
-13.50 -47.50 2.74 
-13.50 -47.00 2.61 
-13.50 -46.50 2.47 
-13.50 -46.00 2.47 
-13.50 -45.50 2.62 
-13.50 -45.00 2.75 
-13.50 -44.50 2.87 
-13.50 -44.00 2.96 
-13.50 -43.50 2.84 
-13.50 -43.00 2.70 
-13.50 -42.50 2.55 
-13.50 -42.00 2.55 
-13.50 -41.50 2.40 
-13.50 -41.00 2.23 
-13.50 -40.50 2.07 
-13.50 -40.00 1.92 
-13.50 -39.50 1.86 
-13.50 -39.00 1.90 
-13.50 -38.50 2.02 
-13.50 -38.00 2.19 
-13.50 -37.50 2.36 
-13.50 -37.00 2.46 
-13.50 -36.50 2.59 
-13.50 -36.00 2.74 
-13.50 -35.50 2.86 
-13.50 -35.00 2.93 
-13.50 -34.50 3.03 
-13.50 -34.00 3.10 
-13.00 -54.00 2.60 
-13.00 -53.50 2.65 
-13.00 -53.00 2.74 
-13.00 -52.50 2.85 
-13.00 -52.00 2.81 
-13.00 -51.50 2.68 
-13.00 -51.00 2.53 
-13.00 -50.50 2.59 
-13.00 -50.00 2.67 
-13.00 -49.50 2.75 
-13.00 -49.00 2.84 
-13.00 -48.50 2.77 
-13.00 -48.00 2.71 
-13.00 -47.50 2.81 
-13.00 -47.00 2.70 
-13.00 -46.50 2.58 
-13.00 -46.00 2.46 
-13.00 -45.50 2.55 
-13.00 -45.00 2.70 
-13.00 -44.50 2.84 
-13.00 -44.00 2.95 
-13.00 -43.50 2.85 
-13.00 -43.00 2.72 
-13.00 -42.50 2.57 
-13.00 -42.00 2.52 
-13.00 -41.50 2.41 
-13.00 -41.00 2.33 
-13.00 -40.50 2.27 
-13.00 -40.00 2.19 
-13.00 -39.50 2.16 
-13.00 -39.00 2.18 
-13.00 -38.50 2.25 
-13.00 -38.00 2.20 
-13.00 -37.50 2.26 
-13.00 -37.00 2.46 
-13.00 -36.50 2.62 
-13.00 -36.00 2.70 
-13.00 -35.50 2.78 
-13.00 -35.00 2.91 
-13.00 -34.50 2.97 
-13.00 -34.00 2.99 
-12.50 -54.00 2.53 
-12.50 -53.50 2.69 
-12.50 -53.00 2.72 
-12.50 -52.50 2.78 
-12.50 -52.00 2.79 
-12.50 -51.50 2.67 
-12.50 -51.00 2.69 
-12.50 -50.50 2.74 
-12.50 -50.00 2.79 
-12.50 -49.50 2.86 
-12.50 -49.00 2.86 
-12.50 -48.50 2.75 
-12.50 -48.00 2.68 
-12.50 -47.50 2.79 
-12.50 -47.00 2.79 
-12.50 -46.50 2.70 
-12.50 -46.00 2.61 
-12.50 -45.50 2.53 
-12.50 -45.00 2.68 
-12.50 -44.50 2.81 
-12.50 -44.00 2.90 
-12.50 -43.50 2.79 
-12.50 -43.00 2.66 
-12.50 -42.50 2.63 
-12.50 -42.00 2.51 
-12.50 -41.50 2.32 
-12.50 -41.00 2.11 
-12.50 -40.50 2.02 
-12.50 -40.00 2.01 
-12.50 -39.50 2.08 
-12.50 -39.00 2.15 
-12.50 -38.50 2.01 
-12.50 -38.00 2.17 
-12.50 -37.50 2.36 
-12.50 -37.00 2.52 
-12.50 -36.50 2.54 
-12.50 -36.00 2.63 
-12.50 -35.50 2.78 
-12.50 -35.00 2.84 
-12.50 -34.50 2.85 
-12.50 -34.00 2.88 
-12.00 -54.00 2.49 
-12.00 -53.50 2.66 
-12.00 -53.00 2.80 
-12.00 -52.50 2.82 
-12.00 -52.00 2.81 
-12.00 -51.50 2.81 
-12.00 -51.00 2.83 
-12.00 -50.50 2.86 
-12.00 -50.00 2.87 
-12.00 -49.50 2.79 
-12.00 -49.00 2.73 
-12.00 -48.50 2.68 
-12.00 -48.00 2.65 
-12.00 -47.50 2.64 
-12.00 -47.00 2.66 
-12.00 -46.50 2.70 
-12.00 -46.00 2.74 
-12.00 -45.50 2.68 
-12.00 -45.00 2.67 
-12.00 -44.50 2.81 
-12.00 -44.00 2.86 
-12.00 -43.50 2.73 
-12.00 -43.00 2.70 
-12.00 -42.50 2.69 
-12.00 -42.00 2.55 
-12.00 -41.50 2.43 
-12.00 -41.00 2.29 
-12.00 -40.50 2.16 
-12.00 -40.00 2.07 
-12.00 -39.50 2.04 
-12.00 -39.00 2.00 
-12.00 -38.50 2.20 
-12.00 -38.00 2.33 
-12.00 -37.50 2.46 
-12.00 -37.00 2.39 
-12.00 -36.50 2.49 
-12.00 -36.00 2.65 
-12.00 -35.50 2.70 
-12.00 -35.00 2.70 
-12.00 -34.50 2.71 
-12.00 -34.00 2.84 
-11.50 -54.00 2.49 
-11.50 -53.50 2.65 
-11.50 -53.00 2.79 
-11.50 -52.50 2.92 
-11.50 -52.00 2.83 
-11.50 -51.50 2.94 
-11.50 -51.00 2.95 
-11.50 -50.50 2.86 
-11.50 -50.00 2.76 
-11.50 -49.50 2.67 
-11.50 -49.00 2.59 
-11.50 -48.50 2.52 
-11.50 -48.00 2.65 
-11.50 -47.50 2.49 
-11.50 -47.00 2.49 
-11.50 -46.50 2.54 
-11.50 -46.00 2.62 
-11.50 -45.50 2.70 
-11.50 -45.00 2.78 
-11.50 -44.50 2.82 
-11.50 -44.00 2.83 
-11.50 -43.50 2.79 
-11.50 -43.00 2.83 
-11.50 -42.50 2.73 
-11.50 -42.00 2.59 
-11.50 -41.50 2.56 
-11.50 -41.00 2.46 
-11.50 -40.50 2.37 
-11.50 -40.00 2.30 
-11.50 -39.50 2.06 
-11.50 -39.00 1.79 
-11.50 -38.50 2.08 
-11.50 -38.00 2.31 
-11.50 -37.50 2.28 
-11.50 -37.00 2.37 
-11.50 -36.50 2.54 
-11.50 -36.00 2.58 
-11.50 -35.50 2.54 
-11.50 -35.00 2.54 
-11.50 -34.50 2.68 
-11.50 -34.00 2.82 
-11.00 -54.00 2.54 
-11.00 -53.50 2.67 
-11.00 -53.00 2.81 
-11.00 -52.50 2.93 
-11.00 -52.00 2.83 
-11.00 -51.50 2.94 
-11.00 -51.00 2.88 
-11.00 -50.50 2.77 
-11.00 -50.00 2.66 
-11.00 -49.50 2.54 
-11.00 -49.00 2.43 
-11.00 -48.50 2.56 
-11.00 -48.00 2.70 
-11.00 -47.50 2.56 
-11.00 -47.00 2.41 
-11.00 -46.50 2.37 
-11.00 -46.00 2.47 
-11.00 -45.50 2.59 
-11.00 -45.00 2.73 
-11.00 -44.50 2.85 
-11.00 -44.00 2.90 
-11.00 -43.50 2.92 
-11.00 -43.00 2.90 
-11.00 -42.50 2.78 
-11.00 -42.00 2.66 
-11.00 -41.50 2.69 
-11.00 -41.00 2.61 
-11.00 -40.50 2.48 
-11.00 -40.00 2.27 
-11.00 -39.50 2.02 
-11.00 -39.00 1.97 
-11.00 -38.50 2.04 
-11.00 -38.00 2.18 
-11.00 -37.50 2.17 
-11.00 -37.00 2.26 
-11.00 -36.50 2.38 
-11.00 -36.00 2.40 
-11.00 -35.50 2.35 
-11.00 -35.00 2.50 
-11.00 -34.50 2.64 
-11.00 -34.00 2.72 
-10.50 -54.00 2.61 
-10.50 -53.50 2.71 
-10.50 -53.00 2.84 
-10.50 -52.50 2.95 
-10.50 -52.00 2.88 
-10.50 -51.50 2.93 
-10.50 -51.00 2.82 
-10.50 -50.50 2.69 
-10.50 -50.00 2.56 
-10.50 -49.50 2.41 
-10.50 -49.00 2.49 
-10.50 -48.50 2.63 
-10.50 -48.00 2.76 
-10.50 -47.50 2.65 
-10.50 -47.00 2.53 
-10.50 -46.50 2.40 
-10.50 -46.00 2.52 
-10.50 -45.50 2.65 
-10.50 -45.00 2.78 
-10.50 -44.50 2.90 
-10.50 -44.00 2.86 
-10.50 -43.50 2.97 
-10.50 -43.00 2.95 
-10.50 -42.50 2.85 
-10.50 -42.00 2.74 
-10.50 -41.50 2.79 
-10.50 -41.00 2.66 
-10.50 -40.50 2.49 
-10.50 -40.00 2.31 
-10.50 -39.50 2.18 
-10.50 -39.00 2.00 
-10.50 -38.50 2.03 
-10.50 -38.00 2.14 
-10.50 -37.50 1.89 
-10.50 -37.00 2.05 
-10.50 -36.50 2.22 
-10.50 -36.00 2.20 
-10.50 -35.50 2.33 
-10.50 -35.00 2.41 
-10.50 -34.50 2.50 
-10.50 -34.00 2.60 
-10.00 -54.00 2.67 
-10.00 -53.50 2.74 
-10.00 -53.00 2.82 
-10.00 -52.50 2.91 
-10.00 -52.00 2.93 
-10.00 -51.50 2.89 
-10.00 -51.00 2.76 
-10.00 -50.50 2.63 
-10.00 -50.00 2.49 
-10.00 -49.50 2.47 
-10.00 -49.00 2.59 
-10.00 -48.50 2.71 
-10.00 -48.00 2.83 
-10.00 -47.50 2.75 
-10.00 -47.00 2.65 
-10.00 -46.50 2.55 
-10.00 -46.00 2.62 
-10.00 -45.50 2.74 
-10.00 -45.00 2.85 
-10.00 -44.50 2.95 
-10.00 -44.00 2.84 
-10.00 -43.50 2.93 
-10.00 -43.00 3.01 
-10.00 -42.50 2.92 
-10.00 -42.00 2.83 
-10.00 -41.50 2.75 
-10.00 -41.00 2.64 
-10.00 -40.50 2.54 
-10.00 -40.00 2.37 
-10.00 -39.50 2.17 
-10.00 -39.00 1.94 
-10.00 -38.50 2.13 
-10.00 -38.00 2.05 
-10.00 -37.50 1.72 
-10.00 -37.00 1.81 
-10.00 -36.50 2.07 
-10.00 -36.00 2.07 
-10.00 -35.50 2.11 
-10.00 -35.00 2.21 
-10.00 -34.50 2.34 
-10.00 -34.00 2.48 
-9.50 -54.00 2.73 
-9.50 -53.50 2.69 
-9.50 -53.00 2.72 
-9.50 -52.50 2.82 
-9.50 -52.00 2.88 
-9.50 -51.50 2.86 
-9.50 -51.00 2.76 
-9.50 -50.50 2.72 
-9.50 -50.00 2.63 
-9.50 -49.50 2.61 
-9.50 -49.00 2.71 
-9.50 -48.50 2.77 
-9.50 -48.00 2.83 
-9.50 -47.50 2.85 
-9.50 -47.00 2.77 
-9.50 -46.50 2.69 
-9.50 -46.00 2.74 
-9.50 -45.50 2.83 
-9.50 -45.00 2.92 
-9.50 -44.50 2.99 
-9.50 -44.00 2.88 
-9.50 -43.50 2.90 
-9.50 -43.00 3.02 
-9.50 -42.50 2.95 
-9.50 -42.00 2.86 
-9.50 -41.50 2.73 
-9.50 -41.00 2.62 
-9.50 -40.50 2.51 
-9.50 -40.00 2.40 
-9.50 -39.50 2.31 
-9.50 -39.00 2.14 
-9.50 -38.50 2.26 
-9.50 -38.00 2.03 
-9.50 -37.50 1.92 
-9.50 -37.00 1.97 
-9.50 -36.50 1.96 
-9.50 -36.00 1.74 
-9.50 -35.50 1.81 
-9.50 -35.00 1.98 
-9.50 -34.50 2.17 
-9.50 -34.00 2.36 
-9.00 -54.00 2.82 
-9.00 -53.50 2.80 
-9.00 -53.00 2.73 
-9.00 -52.50 2.82 
-9.00 -52.00 2.85 
-9.00 -51.50 2.85 
-9.00 -51.00 2.71 
-9.00 -50.50 2.62 
-9.00 -50.00 2.67 
-9.00 -49.50 2.70 
-9.00 -49.00 2.65 
-9.00 -48.50 2.63 
-9.00 -48.00 2.71 
-9.00 -47.50 2.79 
-9.00 -47.00 2.88 
-9.00 -46.50 2.82 
-9.00 -46.00 2.84 
-9.00 -45.50 2.92 
-9.00 -45.00 3.00 
-9.00 -44.50 3.03 
-9.00 -44.00 2.93 
-9.00 -43.50 2.89 
-9.00 -43.00 3.00 
-9.00 -42.50 2.92 
-9.00 -42.00 2.86 
-9.00 -41.50 2.72 
-9.00 -41.00 2.56 
-9.00 -40.50 2.38 
-9.00 -40.00 2.21 
-9.00 -39.50 2.18 
-9.00 -39.00 2.28 
-9.00 -38.50 2.25 
-9.00 -38.00 2.10 
-9.00 -37.50 2.01 
-9.00 -37.00 1.72 
-9.00 -36.50 1.83 
-9.00 -36.00 1.42 
-9.00 -35.50 1.51 
-9.00 -35.00 1.85 
-9.00 -34.50 2.13 
-9.00 -34.00 2.35 
-8.50 -54.00 2.91 
-8.50 -53.50 2.91 
-8.50 -53.00 2.85 
-8.50 -52.50 2.80 
-8.50 -52.00 2.79 
-8.50 -51.50 2.85 
-8.50 -51.00 2.75 
-8.50 -50.50 2.77 
-8.50 -50.00 2.81 
-8.50 -49.50 2.83 
-8.50 -49.00 2.80 
-8.50 -48.50 2.78 
-8.50 -48.00 2.78 
-8.50 -47.50 2.80 
-8.50 -47.00 2.84 
-8.50 -46.50 2.89 
-8.50 -46.00 2.95 
-8.50 -45.50 3.01 
-8.50 -45.00 3.08 
-8.50 -44.50 3.07 
-8.50 -44.00 2.98 
-8.50 -43.50 2.92 
-8.50 -43.00 2.97 
-8.50 -42.50 2.92 
-8.50 -42.00 2.83 
-8.50 -41.50 2.74 
-8.50 -41.00 2.59 
-8.50 -40.50 2.41 
-8.50 -40.00 2.35 
-8.50 -39.50 2.39 
-8.50 -39.00 2.34 
-8.50 -38.50 2.14 
-8.50 -38.00 1.93 
-8.50 -37.50 1.90 
-8.50 -37.00 1.70 
-8.50 -36.50 1.70 
-8.50 -36.00 1.68 
-8.50 -35.50 1.83 
-8.50 -35.00 2.04 
-8.50 -34.50 2.24 
-8.50 -34.00 2.39 
-8.00 -54.00 2.89 
-8.00 -53.50 2.91 
-8.00 -53.00 2.88 
-8.00 -52.50 2.92 
-8.00 -52.00 2.89 
-8.00 -51.50 2.87 
-8.00 -51.00 2.88 
-8.00 -50.50 2.90 
-8.00 -50.00 2.93 
-8.00 -49.50 2.95 
-8.00 -49.00 2.92 
-8.00 -48.50 2.91 
-8.00 -48.00 2.91 
-8.00 -47.50 2.93 
-8.00 -47.00 2.96 
-8.00 -46.50 2.99 
-8.00 -46.00 3.01 
-8.00 -45.50 3.03 
-8.00 -45.00 3.12 
-8.00 -44.50 3.05 
-8.00 -44.00 3.00 
-8.00 -43.50 2.96 
-8.00 -43.00 2.93 
-8.00 -42.50 2.82 
-8.00 -42.00 2.73 
-8.00 -41.50 2.64 
-8.00 -41.00 2.58 
-8.00 -40.50 2.48 
-8.00 -40.00 2.41 
-8.00 -39.50 2.40 
-8.00 -39.00 2.25 
-8.00 -38.50 2.01 
-8.00 -38.00 1.70 
-8.00 -37.50 1.84 
-8.00 -37.00 1.93 
-8.00 -36.50 1.92 
-8.00 -36.00 1.63 
-8.00 -35.50 1.95 
-8.00 -35.00 1.97 
-8.00 -34.50 2.07 
-8.00 -34.00 2.21 
-7.50 -54.00 2.83 
-7.50 -53.50 2.86 
-7.50 -53.00 2.92 
-7.50 -52.50 3.00 
-7.50 -52.00 3.01 
-7.50 -51.50 2.91 
-7.50 -51.00 2.97 
-7.50 -50.50 3.01 
-7.50 -50.00 3.03 
-7.50 -49.50 3.06 
-7.50 -49.00 3.04 
-7.50 -48.50 3.03 
-7.50 -48.00 3.03 
-7.50 -47.50 3.04 
-7.50 -47.00 3.06 
-7.50 -46.50 3.09 
-7.50 -46.00 3.10 
-7.50 -45.50 3.07 
-7.50 -45.00 3.05 
-7.50 -44.50 3.03 
-7.50 -44.00 3.02 
-7.50 -43.50 2.97 
-7.50 -43.00 2.93 
-7.50 -42.50 2.81 
-7.50 -42.00 2.66 
-7.50 -41.50 2.63 
-7.50 -41.00 2.64 
-7.50 -40.50 2.56 
-7.50 -40.00 2.42 
-7.50 -39.50 2.27 
-7.50 -39.00 2.21 
-7.50 -38.50 2.02 
-7.50 -38.00 1.98 
-7.50 -37.50 1.99 
-7.50 -37.00 2.06 
-7.50 -36.50 1.98 
-7.50 -36.00 1.75 
-7.50 -35.50 1.71 
-7.50 -35.00 1.71 
-7.50 -34.50 2.01 
-7.50 -34.00 2.25 
-7.00 -54.00 2.94 
-7.00 -53.50 2.82 
-7.00 -53.00 2.83 
-7.00 -52.50 2.92 
-7.00 -52.00 3.01 
-7.00 -51.50 2.96 
-7.00 -51.00 2.96 
-7.00 -50.50 3.07 
-7.00 -50.00 3.11 
-7.00 -49.50 3.07 
-7.00 -49.00 3.05 
-7.00 -48.50 3.03 
-7.00 -48.00 3.03 
-7.00 -47.50 3.04 
-7.00 -47.00 3.06 
-7.00 -46.50 3.05 
-7.00 -46.00 3.00 
-7.00 -45.50 2.97 
-7.00 -45.00 2.98 
-7.00 -44.50 2.91 
-7.00 -44.00 2.91 
-7.00 -43.50 2.92 
-7.00 -43.00 2.94 
-7.00 -42.50 2.81 
-7.00 -42.00 2.67 
-7.00 -41.50 2.51 
-7.00 -41.00 2.47 
-7.00 -40.50 2.52 
-7.00 -40.00 2.55 
-7.00 -39.50 2.44 
-7.00 -39.00 2.22 
-7.00 -38.50 2.09 
-7.00 -38.00 1.92 
-7.00 -37.50 1.77 
-7.00 -37.00 1.95 
-7.00 -36.50 1.79 
-7.00 -36.00 1.70 
-7.00 -35.50 1.89 
-7.00 -35.00 2.02 
-7.00 -34.50 2.16 
-7.00 -34.00 2.35 
-6.50 -54.00 2.93 
-6.50 -53.50 2.80 
-6.50 -53.00 2.74 
-6.50 -52.50 2.85 
-6.50 -52.00 2.95 
-6.50 -51.50 3.01 
-6.50 -51.00 2.97 
-6.50 -50.50 3.06 
-6.50 -50.00 3.01 
-6.50 -49.50 2.97 
-6.50 -49.00 2.94 
-6.50 -48.50 2.92 
-6.50 -48.00 2.92 
-6.50 -47.50 2.93 
-6.50 -47.00 2.95 
-6.50 -46.50 2.96 
-6.50 -46.00 2.90 
-6.50 -45.50 2.96 
-6.50 -45.00 2.91 
-6.50 -44.50 2.85 
-6.50 -44.00 2.95 
-6.50 -43.50 2.89 
-6.50 -43.00 2.83 
-6.50 -42.50 2.83 
-6.50 -42.00 2.70 
-6.50 -41.50 2.54 
-6.50 -41.00 2.37 
-6.50 -40.50 2.33 
-6.50 -40.00 2.43 
-6.50 -39.50 2.41 
-6.50 -39.00 2.20 
-6.50 -38.50 1.95 
-6.50 -38.00 1.80 
-6.50 -37.50 1.92 
-6.50 -37.00 2.03 
-6.50 -36.50 1.68 
-6.50 -36.00 1.79 
-6.50 -35.50 2.07 
-6.50 -35.00 2.25 
-6.50 -34.50 2.32 
-6.50 -34.00 2.47 
-6.00 -54.00 2.92 
-6.00 -53.50 2.80 
-6.00 -53.00 2.65 
-6.00 -52.50 2.78 
-6.00 -52.00 2.90 
-6.00 -51.50 3.01 
-6.00 -51.00 2.99 
-6.00 -50.50 2.97 
-6.00 -50.00 2.91 
-6.00 -49.50 2.86 
-6.00 -49.00 2.82 
-6.00 -48.50 2.79 
-6.00 -48.00 2.79 
-6.00 -47.50 2.80 
-6.00 -47.00 2.83 
-6.00 -46.50 2.86 
-6.00 -46.00 2.83 
-6.00 -45.50 2.95 
-6.00 -45.00 2.85 
-6.00 -44.50 2.93 
-6.00 -44.00 2.98 
-6.00 -43.50 2.86 
-6.00 -43.00 2.73 
-6.00 -42.50 2.75 
-6.00 -42.00 2.70 
-6.00 -41.50 2.61 
-6.00 -41.00 2.46 
-6.00 -40.50 2.29 
-6.00 -40.00 2.27 
-6.00 -39.50 2.26 
-6.00 -39.00 2.14 
-6.00 -38.50 1.84 
-6.00 -38.00 1.99 
-6.00 -37.50 2.12 
-6.00 -37.00 2.06 
-6.00 -36.50 1.86 
-6.00 -36.00 2.00 
-6.00 -35.50 2.18 
-6.00 -35.00 2.36 
-6.00 -34.50 2.49 
-6.00 -34.00 2.59 
-5.50 -54.00 2.79 
-5.50 -53.50 2.81 
-5.50 -53.00 2.67 
-5.50 -52.50 2.73 
-5.50 -52.00 2.86 
-5.50 -51.50 2.97 
-5.50 -51.00 3.02 
-5.50 -50.50 2.99 
-5.50 -50.00 2.91 
-5.50 -49.50 2.85 
-5.50 -49.00 2.79 
-5.50 -48.50 2.74 
-5.50 -48.00 2.72 
-5.50 -47.50 2.71 
-5.50 -47.00 2.72 
-5.50 -46.50 2.76 
-5.50 -46.00 2.82 
-5.50 -45.50 2.90 
-5.50 -45.00 2.94 
-5.50 -44.50 3.01 
-5.50 -44.00 2.98 
-5.50 -43.50 2.86 
-5.50 -43.00 2.72 
-5.50 -42.50 2.62 
-5.50 -42.00 2.57 
-5.50 -41.50 2.46 
-5.50 -41.00 2.37 
-5.50 -40.50 2.30 
-5.50 -40.00 2.25 
-5.50 -39.50 2.19 
-5.50 -39.00 2.13 
-5.50 -38.50 1.84 
-5.50 -38.00 1.95 
-5.50 -37.50 2.16 
-5.50 -37.00 2.12 
-5.50 -36.50 2.15 
-5.50 -36.00 2.23 
-5.50 -35.50 2.35 
-5.50 -35.00 2.49 
-5.50 -34.50 2.62 
-5.50 -34.00 2.71 
-5.00 -54.00 2.65 
-5.00 -53.50 2.67 
-5.00 -53.00 2.72 
-5.00 -52.50 2.75 
-5.00 -52.00 2.85 
-5.00 -51.50 2.95 
-5.00 -51.00 3.01 
-5.00 -50.50 3.07 
-5.00 -50.00 3.01 
-5.00 -49.50 2.96 
-5.00 -49.00 2.91 
-5.00 -48.50 2.87 
-5.00 -48.00 2.85 
-5.00 -47.50 2.85 
-5.00 -47.00 2.77 
-5.00 -46.50 2.75 
-5.00 -46.00 2.88 
-5.00 -45.50 2.90 
-5.00 -45.00 2.90 
-5.00 -44.50 2.99 
-5.00 -44.00 2.95 
-5.00 -43.50 2.84 
-5.00 -43.00 2.72 
-5.00 -42.50 2.58 
-5.00 -42.00 2.45 
-5.00 -41.50 2.30 
-5.00 -41.00 2.16 
-5.00 -40.50 2.06 
-5.00 -40.00 2.02 
-5.00 -39.50 2.07 
-5.00 -39.00 2.18 
-5.00 -38.50 1.95 
-5.00 -38.00 2.01 
-5.00 -37.50 2.26 
-5.00 -37.00 2.29 
-5.00 -36.50 2.16 
-5.00 -36.00 2.38 
-5.00 -35.50 2.52 
-5.00 -35.00 2.61 
-5.00 -34.50 2.72 
-5.00 -34.00 2.82 
-4.50 -54.00 2.56 
-4.50 -53.50 2.64 
-4.50 -53.00 2.74 
-4.50 -52.50 2.67 
-4.50 -52.00 2.81 
-4.50 -51.50 2.89 
-4.50 -51.00 2.93 
-4.50 -50.50 2.98 
-4.50 -50.00 3.03 
-4.50 -49.50 3.06 
-4.50 -49.00 3.02 
-4.50 -48.50 2.99 
-4.50 -48.00 2.93 
-4.50 -47.50 2.81 
-4.50 -47.00 2.69 
-4.50 -46.50 2.81 
-4.50 -46.00 2.92 
-4.50 -45.50 2.89 
-4.50 -45.00 2.82 
-4.50 -44.50 2.93 
-4.50 -44.00 2.91 
-4.50 -43.50 2.79 
-4.50 -43.00 2.65 
-4.50 -42.50 2.50 
-4.50 -42.00 2.46 
-4.50 -41.50 2.27 
-4.50 -41.00 2.06 
-4.50 -40.50 1.82 
-4.50 -40.00 1.87 
-4.50 -39.50 1.77 
-4.50 -39.00 1.95 
-4.50 -38.50 2.12 
-4.50 -38.00 2.14 
-4.50 -37.50 2.34 
-4.50 -37.00 2.44 
-4.50 -36.50 2.31 
-4.50 -36.00 2.33 
-4.50 -35.50 2.53 
-4.50 -35.00 2.69 
-4.50 -34.50 2.82 
-4.50 -34.00 2.91 
-4.00 -54.00 2.70 
-4.00 -53.50 2.77 
-4.00 -53.00 2.82 
-4.00 -52.50 2.73 
-4.00 -52.00 2.79 
-4.00 -51.50 2.80 
-4.00 -51.00 2.83 
-4.00 -50.50 2.87 
-4.00 -50.00 2.93 
-4.00 -49.50 2.99 
-4.00 -49.00 3.06 
-4.00 -48.50 3.00 
-4.00 -48.00 2.89 
-4.00 -47.50 2.76 
-4.00 -47.00 2.76 
-4.00 -46.50 2.87 
-4.00 -46.00 2.97 
-4.00 -45.50 2.90 
-4.00 -45.00 2.77 
-4.00 -44.50 2.87 
-4.00 -44.00 2.89 
-4.00 -43.50 2.76 
-4.00 -43.00 2.61 
-4.00 -42.50 2.43 
-4.00 -42.00 2.37 
-4.00 -41.50 2.40 
-4.00 -41.00 2.24 
-4.00 -40.50 2.08 
-4.00 -40.00 1.97 
-4.00 -39.50 1.93 
-4.00 -39.00 2.00 
-4.00 -38.50 2.13 
-4.00 -38.00 2.26 
-4.00 -37.50 2.45 
-4.00 -37.00 2.58 
-4.00 -36.50 2.49 
-4.00 -36.00 2.42 
-4.00 -35.50 2.52 
-4.00 -35.00 2.69 
-4.00 -34.50 2.83 
-4.00 -34.00 2.95 
-3.50 -54.00 2.80 
-3.50 -53.50 2.74 
-3.50 -53.00 2.68 
-3.50 -52.50 2.70 
-3.50 -52.00 2.73 
-3.50 -51.50 2.67 
-3.50 -51.00 2.70 
-3.50 -50.50 2.75 
-3.50 -50.00 2.82 
-3.50 -49.50 2.90 
-3.50 -49.00 2.97 
-3.50 -48.50 2.98 
-3.50 -48.00 2.86 
-3.50 -47.50 2.76 
-3.50 -47.00 2.85 
-3.50 -46.50 2.94 
-3.50 -46.00 3.03 
-3.50 -45.50 2.92 
-3.50 -45.00 2.79 
-3.50 -44.50 2.82 
-3.50 -44.00 2.87 
-3.50 -43.50 2.74 
-3.50 -43.00 2.58 
-3.50 -42.50 2.40 
-3.50 -42.00 2.29 
-3.50 -41.50 2.49 
-3.50 -41.00 2.41 
-3.50 -40.50 2.30 
-3.50 -40.00 2.11 
-3.50 -39.50 2.21 
-3.50 -39.00 2.25 
-3.50 -38.50 2.34 
-3.50 -38.00 2.38 
-3.50 -37.50 2.43 
-3.50 -37.00 2.61 
-3.50 -36.50 2.65 
-3.50 -36.00 2.60 
-3.50 -35.50 2.57 
-3.50 -35.00 2.71 
-3.50 -34.50 2.85 
-3.50 -34.00 2.97 
-3.00 -54.00 2.68 
-3.00 -53.50 2.60 
-3.00 -53.00 2.61 
-3.00 -52.50 2.75 
-3.00 -52.00 2.84 
-3.00 -51.50 2.74 
-3.00 -51.00 2.72 
-3.00 -50.50 2.67 
-3.00 -50.00 2.70 
-3.00 -49.50 2.80 
-3.00 -49.00 2.89 
-3.00 -48.50 2.97 
-3.00 -48.00 2.85 
-3.00 -47.50 2.86 
-3.00 -47.00 2.94 
-3.00 -46.50 3.02 
-3.00 -46.00 3.06 
-3.00 -45.50 2.95 
-3.00 -45.00 2.83 
-3.00 -44.50 2.79 
-3.00 -44.00 2.87 
-3.00 -43.50 2.74 
-3.00 -43.00 2.59 
-3.00 -42.50 2.40 
-3.00 -42.00 2.25 
-3.00 -41.50 2.46 
-3.00 -41.00 2.57 
-3.00 -40.50 2.42 
-3.00 -40.00 2.24 
-3.00 -39.50 2.37 
-3.00 -39.00 2.46 
-3.00 -38.50 2.51 
-3.00 -38.00 2.56 
-3.00 -37.50 2.52 
-3.00 -37.00 2.61 
-3.00 -36.50 2.76 
-3.00 -36.00 2.75 
-3.00 -35.50 2.73 
-3.00 -35.00 2.75 
-3.00 -34.50 2.88 
-3.00 -34.00 2.99 
-2.50 -54.00 2.56 
-2.50 -53.50 2.57 
-2.50 -53.00 2.69 
-2.50 -52.50 2.81 
-2.50 -52.00 2.86 
-2.50 -51.50 2.72 
-2.50 -51.00 2.70 
-2.50 -50.50 2.81 
-2.50 -50.00 2.80 
-2.50 -49.50 2.80 
-2.50 -49.00 2.82 
-2.50 -48.50 2.92 
-2.50 -48.00 2.91 
-2.50 -47.50 2.96 
-2.50 -47.00 3.03 
-2.50 -46.50 3.09 
-2.50 -46.00 3.09 
-2.50 -45.50 2.99 
-2.50 -45.00 2.89 
-2.50 -44.50 2.78 
-2.50 -44.00 2.89 
-2.50 -43.50 2.76 
-2.50 -43.00 2.62 
-2.50 -42.50 2.45 
-2.50 -42.00 2.27 
-2.50 -41.50 2.47 
-2.50 -41.00 2.64 
-2.50 -40.50 2.53 
-2.50 -40.00 2.38 
-2.50 -39.50 2.50 
-2.50 -39.00 2.63 
-2.50 -38.50 2.67 
-2.50 -38.00 2.71 
-2.50 -37.50 2.68 
-2.50 -37.00 2.68 
-2.50 -36.50 2.79 
-2.50 -36.00 2.88 
-2.50 -35.50 2.86 
-2.50 -35.00 2.87 
-2.50 -34.50 2.92 
-2.50 -34.00 3.03 
-2.00 -54.00 2.57 
-2.00 -53.50 2.68 
-2.00 -53.00 2.78 
-2.00 -52.50 2.88 
-2.00 -52.00 2.86 
-2.00 -51.50 2.73 
-2.00 -51.00 2.68 
-2.00 -50.50 2.82 
-2.00 -50.00 2.93 
-2.00 -49.50 2.93 
-2.00 -49.00 2.94 
-2.00 -48.50 2.97 
-2.00 -48.00 2.97 
-2.00 -47.50 3.06 
-2.00 -47.00 3.11 
-2.00 -46.50 3.17 
-2.00 -46.00 3.13 
-2.00 -45.50 3.04 
-2.00 -45.00 2.95 
-2.00 -44.50 2.85 
-2.00 -44.00 2.91 
-2.00 -43.50 2.80 
-2.00 -43.00 2.67 
-2.00 -42.50 2.52 
-2.00 -42.00 2.40 
-2.00 -41.50 2.52 
-2.00 -41.00 2.68 
-2.00 -40.50 2.64 
-2.00 -40.00 2.53 
-2.00 -39.50 2.62 
-2.00 -39.00 2.73 
-2.00 -38.50 2.81 
-2.00 -38.00 2.85 
-2.00 -37.50 2.82 
-2.00 -37.00 2.82 
-2.00 -36.50 2.83 
-2.00 -36.00 2.94 
-2.00 -35.50 2.98 
-2.00 -35.00 2.98 
-2.00 -34.50 3.02 
-2.00 -34.00 3.08 
